Augmented Matrix : 
¦£   10.00    0.00   30.00   40.00    0.00  100.00 ¦¤
¦¢   -1.00   -1.00    1.00    0.00    0.00    0.00 ¦¢
¦¢    0.00    0.00    1.00   -1.00   -1.00    0.00 ¦¢
¦¢   10.00  -20.00    0.00    0.00    0.00    0.00 ¦¢
¦¦    0.00    0.00    0.00   40.00  -50.00    0.00 ¦¥

Pivting at p= 0
¦£   10.00    0.00   30.00   40.00    0.00  100.00 ¦¤
¦¢   -1.00   -1.00    1.00    0.00    0.00    0.00 ¦¢
¦¢    0.00    0.00    1.00   -1.00   -1.00    0.00 ¦¢
¦¢   10.00  -20.00    0.00    0.00    0.00    0.00 ¦¢
¦¦    0.00    0.00    0.00   40.00  -50.00    0.00 ¦¥

After scaling at p = 0
¦£    1.00    0.00    3.00    4.00    0.00   10.00 ¦¤
¦¢   -1.00   -1.00    1.00    0.00    0.00    0.00 ¦¢
¦¢    0.00    0.00    1.00   -1.00   -1.00    0.00 ¦¢
¦¢   10.00  -20.00    0.00    0.00    0.00    0.00 ¦¢
¦¦    0.00    0.00    0.00   40.00  -50.00    0.00 ¦¥

Pivting at p= 1
¦£    1.00    0.00    3.00    4.00    0.00   10.00 ¦¤
¦¢    0.00  -20.00  -30.00  -40.00    0.00 -100.00 ¦¢
¦¢    0.00    0.00    1.00   -1.00   -1.00    0.00 ¦¢
¦¢    0.00   -1.00    4.00    4.00    0.00   10.00 ¦¢
¦¦    0.00    0.00    0.00   40.00  -50.00    0.00 ¦¥

After scaling at p = 1
¦£    1.00    0.00    3.00    4.00    0.00   10.00 ¦¤
¦¢    0.00    1.00    1.50    2.00   -0.00    5.00 ¦¢
¦¢    0.00    0.00    1.00   -1.00   -1.00    0.00 ¦¢
¦¢    0.00   -1.00    4.00    4.00    0.00   10.00 ¦¢
¦¦    0.00    0.00    0.00   40.00  -50.00    0.00 ¦¥

Pivting at p= 2
¦£    1.00    0.00    3.00    4.00    0.00   10.00 ¦¤
¦¢    0.00    1.00    1.50    2.00   -0.00    5.00 ¦¢
¦¢    0.00    0.00    5.50    6.00    0.00   15.00 ¦¢
¦¢    0.00    0.00    1.00   -1.00   -1.00    0.00 ¦¢
¦¦    0.00    0.00    0.00   40.00  -50.00    0.00 ¦¥

After scaling at p = 2
¦£    1.00    0.00    3.00    4.00    0.00   10.00 ¦¤
¦¢    0.00    1.00    1.50    2.00   -0.00    5.00 ¦¢
¦¢    0.00    0.00    1.00    1.09    0.00    2.73 ¦¢
¦¢    0.00    0.00    1.00   -1.00   -1.00    0.00 ¦¢
¦¦    0.00    0.00    0.00   40.00  -50.00    0.00 ¦¥

Pivting at p= 3
¦£    1.00    0.00    0.00    0.73    0.00    1.82 ¦¤
¦¢    0.00    1.00    0.00    0.36   -0.00    0.91 ¦¢
¦¢    0.00    0.00    1.00    1.09    0.00    2.73 ¦¢
¦¢    0.00    0.00    0.00   40.00  -50.00    0.00 ¦¢
¦¦    0.00    0.00    0.00   -2.09   -1.00   -2.73 ¦¥

After scaling at p = 3
¦£    1.00    0.00    0.00    0.73    0.00    1.82 ¦¤
¦¢    0.00    1.00    0.00    0.36   -0.00    0.91 ¦¢
¦¢    0.00    0.00    1.00    1.09    0.00    2.73 ¦¢
¦¢    0.00    0.00    0.00    1.00   -1.25    0.00 ¦¢
¦¦    0.00    0.00    0.00   -2.09   -1.00   -2.73 ¦¥

Pivting at p= 4
¦£    1.00    0.00    0.00    0.00    0.91    1.82 ¦¤
¦¢    0.00    1.00    0.00    0.00    0.45    0.91 ¦¢
¦¢    0.00    0.00    1.00    0.00    1.36    2.73 ¦¢
¦¢    0.00    0.00    0.00    1.00   -1.25    0.00 ¦¢
¦¦    0.00    0.00    0.00    0.00   -3.61   -2.73 ¦¥

After scaling at p = 4
¦£    1.00    0.00    0.00    0.00    0.91    1.82 ¦¤
¦¢    0.00    1.00    0.00    0.00    0.45    0.91 ¦¢
¦¢    0.00    0.00    1.00    0.00    1.36    2.73 ¦¢
¦¢    0.00    0.00    0.00    1.00   -1.25    0.00 ¦¢
¦¦    0.00    0.00    0.00    0.00    1.00    0.75 ¦¥

After diagonallzing at p = 5
¦£    1.00    0.00    0.00    0.00    0.00    1.13 ¦¤
¦¢    0.00    1.00    0.00    0.00    0.00    0.57 ¦¢
¦¢    0.00    0.00    1.00    0.00    0.00    1.70 ¦¢
¦¢    0.00    0.00    0.00    1.00    0.00    0.94 ¦¢
¦¦    0.00    0.00    0.00    0.00    1.00    0.75 ¦¥
The solution of the given linear system:
 x[0] : 1.132075
 x[1] : 0.566038
 x[2] : 1.698113
 x[3] : 0.943396
 x[4] : 0.754717
Matrix A: 
¦£   10.00    0.00   30.00   40.00    0.00 ¦¤
¦¢   -1.00   -1.00    1.00    0.00    0.00 ¦¢
¦¢    0.00    0.00    1.00   -1.00   -1.00 ¦¢
¦¢   10.00  -20.00    0.00    0.00    0.00 ¦¢
¦¦    0.00    0.00    0.00   40.00  -50.00 ¦¥
After scaling at p = 0
¦£    1.00    0.00    3.00    4.00    0.00    0.10    0.00    0.00    0.00    0.00 ¦¤
¦¢   -1.00   -1.00    1.00    0.00    0.00    0.00    1.00    0.00    0.00    0.00 ¦¢
¦¢    0.00    0.00    1.00   -1.00   -1.00    0.00    0.00    1.00    0.00    0.00 ¦¢
¦¢   10.00  -20.00    0.00    0.00    0.00    0.00    0.00    0.00    1.00    0.00 ¦¢
¦¦    0.00    0.00    0.00   40.00  -50.00    0.00    0.00    0.00    0.00    1.00 ¦¥
After diagonalizing at p = 0
¦£    1.00    0.00    3.00    4.00    0.00    0.10    0.00    0.00    0.00    0.00 ¦¤
¦¢    0.00   -1.00    4.00    4.00    0.00    0.10    1.00    0.00    0.00    0.00 ¦¢
¦¢    0.00    0.00    1.00   -1.00   -1.00    0.00    0.00    1.00    0.00    0.00 ¦¢
¦¢    0.00  -20.00  -30.00  -40.00    0.00   -1.00    0.00    0.00    1.00    0.00 ¦¢
¦¦    0.00    0.00    0.00   40.00  -50.00    0.00    0.00    0.00    0.00    1.00 ¦¥
After scaling at p = 1
¦£    1.00    0.00    3.00    4.00    0.00    0.10    0.00    0.00    0.00    0.00 ¦¤
¦¢    0.00    1.00   -4.00   -4.00   -0.00   -0.10   -1.00   -0.00   -0.00   -0.00 ¦¢
¦¢    0.00    0.00    1.00   -1.00   -1.00    0.00    0.00    1.00    0.00    0.00 ¦¢
¦¢    0.00  -20.00  -30.00  -40.00    0.00   -1.00    0.00    0.00    1.00    0.00 ¦¢
¦¦    0.00    0.00    0.00   40.00  -50.00    0.00    0.00    0.00    0.00    1.00 ¦¥
After diagonalizing at p = 1
¦£    1.00    0.00    3.00    4.00    0.00    0.10    0.00    0.00    0.00    0.00 ¦¤
¦¢    0.00    1.00   -4.00   -4.00   -0.00   -0.10   -1.00   -0.00   -0.00   -0.00 ¦¢
¦¢    0.00    0.00    1.00   -1.00   -1.00    0.00    0.00    1.00    0.00    0.00 ¦¢
¦¢    0.00    0.00 -110.00 -120.00    0.00   -3.00  -20.00    0.00    1.00    0.00 ¦¢
¦¦    0.00    0.00    0.00   40.00  -50.00    0.00    0.00    0.00    0.00    1.00 ¦¥
After scaling at p = 2
¦£    1.00    0.00    3.00    4.00    0.00    0.10    0.00    0.00    0.00    0.00 ¦¤
¦¢    0.00    1.00   -4.00   -4.00   -0.00   -0.10   -1.00   -0.00   -0.00   -0.00 ¦¢
¦¢    0.00    0.00    1.00   -1.00   -1.00    0.00    0.00    1.00    0.00    0.00 ¦¢
¦¢    0.00    0.00 -110.00 -120.00    0.00   -3.00  -20.00    0.00    1.00    0.00 ¦¢
¦¦    0.00    0.00    0.00   40.00  -50.00    0.00    0.00    0.00    0.00    1.00 ¦¥
After diagonalizing at p = 2
¦£    1.00    0.00    0.00    7.00    3.00    0.10    0.00   -3.00    0.00    0.00 ¦¤
¦¢    0.00    1.00    0.00   -8.00   -4.00   -0.10   -1.00    4.00    0.00    0.00 ¦¢
¦¢    0.00    0.00    1.00   -1.00   -1.00    0.00    0.00    1.00    0.00    0.00 ¦¢
¦¢    0.00    0.00    0.00 -230.00 -110.00   -3.00  -20.00  110.00    1.00    0.00 ¦¢
¦¦    0.00    0.00    0.00   40.00  -50.00    0.00    0.00    0.00    0.00    1.00 ¦¥
After scaling at p = 3
¦£    1.00    0.00    0.00    7.00    3.00    0.10    0.00   -3.00    0.00    0.00 ¦¤
¦¢    0.00    1.00    0.00   -8.00   -4.00   -0.10   -1.00    4.00    0.00    0.00 ¦¢
¦¢    0.00    0.00    1.00   -1.00   -1.00    0.00    0.00    1.00    0.00    0.00 ¦¢
¦¢    0.00    0.00    0.00    1.00    0.48    0.01    0.09   -0.48   -0.00   -0.00 ¦¢
¦¦    0.00    0.00    0.00   40.00  -50.00    0.00    0.00    0.00    0.00    1.00 ¦¥
After diagonalizing at p = 3
¦£    1.00    0.00    0.00    0.00   -0.35    0.01   -0.61    0.35    0.03    0.00 ¦¤
¦¢    0.00    1.00    0.00    0.00   -0.17    0.00   -0.30    0.17   -0.03    0.00 ¦¢
¦¢    0.00    0.00    1.00    0.00   -0.52    0.01    0.09    0.52   -0.00    0.00 ¦¢
¦¢    0.00    0.00    0.00    1.00    0.48    0.01    0.09   -0.48   -0.00   -0.00 ¦¢
¦¦    0.00    0.00    0.00    0.00  -69.13   -0.52   -3.48   19.13    0.17    1.00 ¦¥
After scaling at p = 4
¦£    1.00    0.00    0.00    0.00   -0.35    0.01   -0.61    0.35    0.03    0.00 ¦¤
¦¢    0.00    1.00    0.00    0.00   -0.17    0.00   -0.30    0.17   -0.03    0.00 ¦¢
¦¢    0.00    0.00    1.00    0.00   -0.52    0.01    0.09    0.52   -0.00    0.00 ¦¢
¦¢    0.00    0.00    0.00    1.00    0.48    0.01    0.09   -0.48   -0.00   -0.00 ¦¢
¦¦    0.00    0.00    0.00    0.00    1.00    0.01    0.05   -0.28   -0.00   -0.01 ¦¥
After diagonalizing at p = 4
¦£    1.00    0.00    0.00    0.00    0.00    0.01   -0.59    0.25    0.03   -0.01 ¦¤
¦¢    0.00    1.00    0.00    0.00    0.00    0.01   -0.30    0.13   -0.04   -0.00 ¦¢
¦¢    0.00    0.00    1.00    0.00    0.00    0.02    0.11    0.38   -0.01   -0.01 ¦¢
¦¢    0.00    0.00    0.00    1.00    0.00    0.01    0.06   -0.35   -0.00    0.01 ¦¢
¦¦    0.00    0.00    0.00    0.00    1.00    0.01    0.05   -0.28   -0.00   -0.01 ¦¥
 Inverse A: 
¦£    0.01   -0.59    0.25    0.03   -0.01 ¦¤
¦¢    0.01   -0.30    0.13   -0.04   -0.00 ¦¢
¦¢    0.02    0.11    0.38   -0.01   -0.01 ¦¢
¦¢    0.01    0.06   -0.35   -0.00    0.01 ¦¢
¦¦    0.01    0.05   -0.28   -0.00   -0.01 ¦¥
 mE: 
¦£  100.00¦¤
¦¢    0.00¦¢
¦¢    0.00¦¢
¦¢    0.00¦¢
¦¦    0.00¦¥
 Res = Inv_A x mE: 
¦£    1.13¦¤
¦¢    0.57¦¢
¦¢    1.70¦¢
¦¢    0.94¦¢
¦¦    0.75¦¥

